list(ZX_1 = c( 
-1.088938, 1.715109, 0.05166867, 0.7342157, 0.9495203, -0.7550472, 
-1.592279, 1.303387, -1.682699, 0.4559236, 1.141751, 0.5941308, 
1.131582, 0.01936535, -0.002997365, -0.6512178, 0.02592023, 
-0.5848584, -1.634217, -0.9933715, -1.336203, -0.8088185, -0.9911885, 
-2.486335, -0.4120948, -0.813021, 0.96977, -0.1407083, -0.8224991, 
-0.9000022, 0.09095872, -0.3504106, 1.456816, 1.971613, -0.9805431, 
0.05588021, -0.1677853, -1.726462, 1.319765, -0.7425317, 0.3234173, 
-0.1414146, -1.175473, 0.480982, 0.06500242) , 
ZX_2 = c( 0.475196, 
0.3672673, 0.9245341, 2.103291, -0.7766148, 1.652457, -1.235801, 
-0.572149, -1.131016, -1.658872, -2.245036, -0.591937, -2.373643, 
-0.1038682, 0.7350595, 0.479279, -2.105204, 1.084297, 2.698942, 
-0.0240375, 0.6299868, 0.385519, 0.5268496, 0.03433691, 0.18038, 
1.73031, -1.622204, -0.07420834, 0.5742787, 1.376033, -0.08922834, 
0.7001119, 0.1557542, -0.5434839, -0.3540455, 1.009211, 0.4437682, 
0.2888068, -1.201663, -0.6038241, 0.1129923, 0.3583344, 0.318805, 
1.777054, 0.7915594) , 
ZX_3 = c( 0.03041635, -0.6839082, -0.6011782, 
1.268318, 0.661875, -1.376346, -1.084953, 0.6271529, 1.328044, 
-0.943495, -0.05084523, -1.462634, -0.05957655, -0.3315203, 
-0.6233447, 1.679693, 0.269082, 0.5222196, 0.1227214, 0.06186417, 
1.101814, 1.309399, -0.1406756, 0.7316745, 0.3086478, 1.243939, 
0.08337268, -1.241279, 0.5632934, -0.2426088, 0.1187689, 0.4616223, 
-0.901794, 0.7136372, 1.815877, -0.3180268, 1.233117, 0.7781036, 
0.1374488, -0.1777821, -0.3756812, 1.4433, 0.4835012, -1.353592, 
1.009095) ,
ZX_4 = c( -0.820434, 0.9872499, -1.735692, -1.220721, 
1.486355, 0.07243662, 0.790682, 0.7836754, -0.2556127, -0.06504554, 
0.2561142, 1.763258, 0.4209617, 1.071361, 0.9121192, 0.2637645, 
-0.02924777, 0.9883961, -1.207347, 0.923163, -0.4025256, 0.7657018, 
-0.2706916, -1.520288, 0.8736324, -0.5354187, -1.164975, -0.4788925, 
-0.6650035, -0.6790388, -1.729989, 0.3935041, 0.7104585, -1.156461, 
-0.2882678, 0.3982017, 0.5836298, -1.002734, -1.11665, 0.952614, 
0.8620579, -0.9112512, -1.431394, 1.306967, 2.273281) ,
ZX_5 = c( 
1.69204, -0.629079, 1.790201, 0.1726144, -0.3296325, -1.148463, 
-0.3186475, -0.2271, 1.241409, 0.1381839, -0.535354, -0.6239008, 
0.4194364, 0.6790722, -0.6106312, 0.3525884, 1.531545, 0.6642832, 
1.926263, -0.1099283, 1.038325, 0.7225357, -0.3982436, -0.7527646, 
-0.03460762, 2.080643, 0.01208371, 1.276596, 0.4805172, 0.340078, 
0.4409062, -0.9836302, -0.2891944, -1.464511, -0.02351253, 
-0.4300541, -0.8665768, 1.271142, 0.85242, -1.33749, -0.2328674, 
-0.6462248, 0.2343237, -0.6156641, -0.2683977) ,
ZX_6 = c( 0.5339122, 
0.8033678, 1.778731, -0.03480342, -0.9230122, -1.304123, -0.393995, 
-0.6517675, 0.8416328, -1.084274, -1.06066, -0.7444997, 1.62925, 
1.493475, -0.4395079, 1.289251, -0.1004031, 2.392242, -1.018996, 
0.2648968, -1.118419, -0.1978139, -0.978226, 3.071135, 1.256234, 
0.6806025, 0.4370756, -0.6973674, 1.503837, 0.6784843, 1.321609, 
1.467929, -2.04958, -0.1570018, -1.39049, -0.6016009, 0.2477373, 
-1.009597, -1.444865, -0.560714, -1.341492, -0.7899405, -1.167367, 
-0.8410377, -0.5660891) ,
ZX_7 = c( -0.2601841, 0.5266594, 
-0.1977509, -1.321081, 0.7265224, -0.4529761, -1.800441, 0.6346708, 
-0.8818365, 0.84152, -0.02703631, -0.6539708, 1.296913, 1.501363, 
-1.083653, -2.169905, 0.7585307, -0.4359129, 0.06964102, 0.5174437, 
-1.350728, -0.6712999, -1.273021, -0.2361844, -0.4844088, 0.3491281, 
0.8923887, -0.9199616, -0.6234942, 0.3084503, -0.5602254, -0.5708574, 
1.787746, -1.691329, -0.1612985, 1.074039, -1.504297, -0.4256705, 
1.789422, 0.32925, 1.328183, -0.6331252, -0.04184402, 0.320875, 
1.839945) ,
ZX_8 = c( 0.527019, 0.634671, -1.231803, -0.1918383, 
-0.52295, 0.09992536, -0.5388485, 0.2117883, -0.3238588, -0.4375401, 
0.8332747, -0.128444, 1.82426, -1.913849, -0.0636056, -1.653137, 
0.9772814, 0.3092673, -1.347527, 0.1739888, 0.7663911, -0.4610957, 
-1.024013, 0.103894, 0.08273986, 1.430424, 0.3207462, 0.8935788, 
-0.4055462, -1.759385, -0.5140807, 0.619146, -0.9593837, -1.541611, 
-1.685152, -0.877665, 0.2092234, 0.7877491, -1.222855, 0.3068449, 
0.1975852, -0.2260745, -0.9588315, 0.6892849, -0.2236149) ,
SMR = c( 
10.98378, 13.02352, 9.788225, 18.00948, 9.898458, 14.66727, 11.23027, 
6.954636, 11.48486, 7.333703, 12.67478, 10.8718, 12.03582, 10.04718, 
10.47944, 8.421766, 5.175223, 11.89617, 10.52187, 11.27531, 12.27933, 
8.012412, 12.14021, 14.26998, 9.684706, 13.86666, 9.481205, 14.93003, 
11.14785, 3.21888, 5.229923, 10.34779, 15.96463, 10.55811, 7.623437, 
8.218595, 6.905386, 16.00269, 8.335702, 5.553975, 8.961016, 7.749833, 
13.22928, 2.168581, 9.061674),
N = 45,
num = c(5, 5, 2, 7, 5, 4, 4, 5, 5, 2, 
8, 6, 4, 8, 3, 5, 3, 4, 4, 4, 
2, 4, 4, 6, 8, 3, 5, 5, 3, 2, 
3, 1, 1, 6, 3, 6, 4, 5, 1, 7, 
7, 5, 4, 7, 3
),
adj = c(
9, 8, 6, 4, 2, 
14, 9, 8, 5, 1, 
6, 4, 
27, 18, 11, 8, 6, 3, 1, 
14, 10, 9, 7, 2, 
9, 4, 3, 1, 
15, 14, 10, 5, 
14, 11, 4, 2, 1, 
14, 6, 5, 2, 1, 
7, 5, 
25, 18, 17, 16, 14, 13, 8, 4, 
43, 42, 41, 29, 28, 16, 
17, 15, 14, 11, 
15, 13, 11, 9, 8, 7, 5, 2, 
14, 13, 7, 
28, 25, 17, 12, 11, 
16, 13, 11, 
27, 25, 11, 4, 
44, 26, 24, 23, 
26, 25, 24, 22, 
27, 22, 
27, 25, 21, 20, 
44, 28, 24, 19, 
28, 26, 25, 23, 20, 19, 
28, 27, 24, 22, 20, 18, 16, 11, 
24, 20, 19, 
25, 22, 21, 18, 4, 
25, 24, 23, 16, 12, 
44, 41, 12, 
40, 35, 
44, 41, 34, 
42, 
38, 
44, 41, 40, 38, 36, 31, 
45, 40, 30, 
43, 42, 41, 40, 37, 34, 
42, 40, 39, 36, 
45, 44, 40, 34, 33, 
37, 
45, 38, 37, 36, 35, 34, 30, 
44, 43, 36, 34, 31, 29, 12, 
43, 37, 36, 32, 12, 
42, 41, 36, 12, 
41, 38, 34, 31, 29, 23, 19, 
40, 38, 35
),
sumNumNeigh = 198)