list( SMR = c( 1244.361, 1385.01, 1204.061, 1024.68, 1543.293, 1446.795, 1441.607, 1210.185, 1239.652, 1209.318, 1151.479, 
1139.751, 1382.37, 1362.059, 1478.691, 1309.788, 1442.207, 1189.419, 1249.692, 1378.092, 1030.174, 1530.285, 1042.475, 
1166.173, 1191.11, 1231.497, 1073.868, 1437.29, 1177.978, 1091.137, 1115.827, 1236.983, 1029.559, 1061.262, 1552.754, 
1056.923, 1285.608, 951.0198, 991.855, 1238.466, 1077.588, 1155.991, 804.7531, 1309.789, 1299.113) )
