list( kreis = c( 101, 102, 103, 151, 153, 154, 155, 157, 158, 159, 241001, 251, 252, 254, 255, 256, 257, 3, 351, 352, 353, 
354, 355, 356, 357, 358, 359, 360, 361, 4, 401, 402, 459, 458, 405, 451, 452, 453, 454, 455, 456, 457, 460, 461, 462) , 
Su_20 = c( 5.749131, 9.564985, 8.070113, 7.99639, 2.180819, 0, 0, 8.997661, 0, 7.31627, 5.741343, 0, 6.068943, 6.506651, 
0, 6.585988, 9.500706, 6.504679, 8.950348, 9.591116, 5.566357, 10.33976, 4.919915, 4.420671, 7.344975, 5.751299, 4.953266, 
6.469421, 0, 6.199192, 0, 0, 5.379298, 3.366947, 0, 6.484191, 7.896857, 0, 4.943826, 0, 5.152401, 7.102861, 9.250036, 0, 
0) , S20_30 = c( 4.881337, 1.912997, 4.035057, 10.28107, 6.542457, 3.270824, 0.7516197, 2.99922, 7.472787, 3.96298, 
4.593074, 3.703498, 2.697308, 5.060729, 2.8112, 5.76274, 5.700424, 3.633244, 5.034571, 5.047956, 1.590388, 2.067953, 
2.733286, 2.652403, 4.284569, 4.313475, 4.953266, 3.234711, 2.928472, 4.371225, 2.579946, 5.928034, 3.45812, 3.703641, 
1.310341, 9.726286, 4.738114, 5.955039, 3.707869, 3.045407, 4.416343, 3.551431, 7.115412, 2.246636, 8.813523) , S30_40 
= c( 8.352511, 11.47798, 12.10517, 6.854049, 10.90409, 11.99302, 7.516197, 8.247856, 5.812167, 7.621115, 7.463746, 
10.18462, 7.417597, 6.145171, 8.433599, 13.99523, 8.233945, 7.44229, 8.390951, 9.08632, 5.566357, 10.33976, 9.839829, 
2.652403, 6.732894, 5.032387, 7.429899, 8.625895, 9.517534, 8.464281, 11.60976, 9.880056, 9.798007, 8.417367, 13.10341, 
7.294715, 8.423314, 8.337055, 8.033717, 5.075678, 10.3048, 5.919051, 7.826953, 5.616589, 5.288114) , S40_50 = c( 23.105, 
23.91246, 17.75425, 22.84683, 32.71228, 32.70824, 30.81641, 20.99454, 19.92743, 21.03428, 21.76491, 24.53567, 19.55548, 
31.81029, 18.2728, 27.99045, 28.50212, 21.62366, 16.22251, 20.69662, 16.69907, 31.01929, 21.31963, 28.29229, 31.82823, 
18.69172, 23.28035, 23.72121, 17.57083, 20.86267, 20.63957, 25.68815, 16.52213, 18.51821, 23.58614, 14.58943, 25.7964, 
19.05613, 25.33711, 24.36326, 19.87355, 26.63573, 14.94237, 26.95963, 26.44057) , S50_60 = c( 75.33531, 97.56284, 
66.17493, 78.82156, 91.5944, 97.03445, 75.91359, 74.2307, 73.89756, 66.15128, 73.90674, 72.68115, 89.68549, 82.0561, 
75.9024, 74.91562, 83.60621, 76.29812, 78.87494, 94.39677, 65.2059, 117.8733, 67.78549, 72.49901, 67.94102, 84.11275, 
61.91582, 89.49366, 81.2651, 70.05882, 81.2683, 88.92051, 62.6304, 65.99216, 120.5514, 60.78929, 89.49771, 66.69644, 
69.52255, 82.22599, 53.73218, 72.80433, 45.53864, 76.38561, 88.13523) , S60_70 = c( 141.2876, 153.9963, 140.42, 109.6648, 
159.9267, 159.1801, 178.8855, 142.463, 142.8133, 145.7157, 134.1908, 124.9931, 149.7006, 143.5078, 177.1056, 165.473, 
158.9785, 141.2863, 142.0868, 172.1353, 104.568, 194.3876, 126.8245, 152.0711, 154.2445, 141.6257, 122.3457, 173.5961, 
144.9594, 131.7726, 163.8266, 193.6491, 108.3544, 125.9238, 222.758, 109.4207, 170.0456, 110.7637, 122.3597, 124.8617, 
136.9066, 162.182, 75.42337, 168.4977, 183.3213) , S70_80 = c( 285.7209, 321.3835, 283.261, 249.0304, 346.7502, 339.0754, 
301.3995, 290.1746, 316.348, 260.3373, 261.0223, 268.0407, 313.5621, 312.3193, 357.0224, 271.672, 314.7901, 282.2796, 
278.5796, 318.526, 252.8716, 337.0763, 236.1559, 300.6056, 274.8245, 306.9756, 248.1586, 365.5223, 293.5793, 253.0542, 
285.084, 276.6416, 221.896, 262.2851, 362.9645, 258.5571, 310.0832, 207.2354, 228.6519, 303.5256, 246.5792, 278.7873, 
176.4622, 314.529, 294.3717) )
