list( 
SMR = c( 1244.361, 1385.01, 1204.061, 1024.68, 1543.293, 1446.795, 1441.607, 1210.185, 1239.652, 
1209.318, 1151.479, 1139.751, 1382.37, 1362.059, 1478.691, 1309.788, 1442.207, 1189.419, 1249.692, 
1378.092, 1030.174, 1530.285, 1042.475, 1166.173, 1191.11, 1231.497, 1073.868, 1437.29, 1177.978, 
1091.137, 1115.827, 1236.983, 1029.559, 1061.262, 1552.754, 1056.923, 1285.608, 951.0198, 991.855, 
1238.466, 1077.588, 1155.991, 804.7531, 1309.789, 1299.113),
ZX_1 = c( -0.03044948, 2.492173, -0.5082721, -0.7401565, 0.5668287, 0.63007, -0.002342268, 
-0.3888164, -0.3185484, -0.1639587, 0.63007, -0.9158266, 0.5316947, 0.2857566, 0.3771051, -0.262334, 
-0.03044948, 0.5738555, -0.2553072, -1.021229, 0.9603297, -0.367736, -1.23906, -0.8947462, 0.06089896, 
-0.1217979, -0.1780123, -0.6066473, 2.302449, 1.536528, 0.6933112, 0.8689813, 3.012156, -0.9439338, 
0.5598019, -0.7120493, -1.702829, -0.438004, -1.253113, -0.1077443, -1.203926, -1.372569, -0.9579874, 
0.5527751, 0.1030598), 
ZX_2 = c( 3.567332, -0.7817374, 1.317813, 0.5251257, -0.03189793, -0.1175939, 
-0.5460736, -0.1175939, 0.7607895, 1.660597, 1.617749, -0.4389537, -0.2889858, 0.3965818, -0.5032256, 
-0.8245854, -0.2032898, -0.2889858, -0.6960415, 0.4608537, -0.4818016, 1.167845, 0.11807, -0.6317695, 
-0.7817374, -0.03189793, -0.3961057, -0.01047395, -0.8888574, -0.07474591, 2.389012, 2.217621, -0.3961057, 
-0.2247138, -0.7603135, -1.060249, -0.4818016, -0.4603777, -0.7388895, -0.6960415, -0.2889858, -0.4175297, 
-0.5246496, -0.8674334, -1.145945), 
ZX_3 = c( 0.3464448, -0.3778701, 2.002022, 0.8983039, -1.067694, 
1.036269, 0.5878832, 0.6223744, 0.03602413, -1.067694, -0.2399054, 1.208725, 0.3119537, -0.2054142, 
-0.5158349, 0.6568656, -0.343379, -0.4468525, -0.2399054, 1.036269, -1.654044, -1.067694, 0.7603391, 
0.8638127, 0.07051532, 0.7948303, -0.5848173, 0.9327951, -1.723027, -1.24015, -1.516079, -0.895238, 
-1.998956, 0.4844096, -0.722782, 0.3464448, 0.03602413, -0.2399054, -0.2054142, -1.447097, 1.450163, 
1.691601, 2.002022, 0.1739889, -0.5503261), 
ZX_4 = c( 1.40453, 2.256426, 4.954538, -0.2122268, 
-0.2359639, -0.3546491, -0.1278284, -0.3124499, -0.3309121, 0.3838369, 1.159247, -0.4997088, 0.3627373, 
0.06470544, 0.2229524, -0.2254141, -0.3256372, 0.1438289, -0.805653, -0.4100355, -0.7845534, -0.148928, 
-0.7423542, -0.4100355, -0.2280515, 0.06998034, -0.5603702, 0.191303, -1.145884, 1.035287, 0.4418608, 
0.2493269, 0.2071277, -0.2122268, -0.7054299, -0.7792785, -0.1172786, -0.3098125, -0.6869678, -0.9243383, 
-0.700155, -0.383661, -0.1964021, 0.6607691, -0.9322506), 
ZX_5 = c( 0.4785143, -1.320685, 2.056903, 
1.476252, -0.4619762, 1.083699, 0.3803761, 0.02053631, 0.4621579, -0.6010052, -0.1184927, 1.230907, 
0.143209, -0.2984126, -0.1593836, -0.2575217, 0.0614272, -0.6010052, 0.2495253, 2.629375, -0.4047289, 
-0.6010052, 0.740216, 0.650256, -0.4374416, 0.8056414, -0.2984126, 1.288154, -1.647812, -1.942226, 
-1.304328, -0.4946889, -2.228463, 0.5439397, -0.6746088, -0.4865107, 0.1759217, -0.5028671, -0.8299942, 
-1.443358, 1.026452, 0.9773831, 0.9201359, -0.06124546, -0.224809), 
ZX_6 = c( 0.1679211, 1.280887, 
-1.062199, -0.4178502, -0.4764274, 0.5779611, -0.9450445, -1.355084, -0.300696, -1.062199, -0.4178502, 
-1.120776, -0.5935816, 0.2264983, -0.4764274, -0.007810285, -0.7107359, 0.988001, 0.6951153, -1.296507, 
1.398041, -0.6521588, -1.413662, -0.2421188, 0.1679211, -0.7107359, -0.06638742, -1.179353, 2.276698, 
1.573772, -0.3592731, -0.769313, -1.179353, -0.300696, 1.22231, 0.109344, 0.8708467, 1.925235, 
-0.06638742, 1.866658, 0.988001, 0.4608068, 1.63235, -1.120776, -0.1249646), 
ZX_7 = c( -0.4695535, 
1.381241, -1.446362, -0.8808412, 1.021364, 0.301611, 0.09596713, -0.1096767, -0.7266083, -0.5209644, 
0.5072548, -0.5723754, 1.175597, 0.1473781, 0.8671316, 0.1987891, 0.6100768, 0.7128987, 0.1473781, 
-1.34354, 0.6100768, -0.5723754, -1.035074, -0.6237864, 0.1987891, -0.6237864, 0.6614877, -0.8294302, 
2.460871, 1.689707, -0.006854795, 0.2502, 3.386269, -1.137896, 0.09596713, -0.6751973, -0.8808412, 
-0.2124986, -0.9322521, 0.04455617, -1.035074, -1.086485, -1.240718, 0.4044329, -0.006854795) , 
ZX_8 = c( 
1.684244, -0.3455002, 2.086866, 1.283286, -0.5701031, 0.6128053, -0.3138894, 0.651071, 1.158507, 
0.04547515, 1.160171, 0.5412652, 0.09871434, 0.3466093, -0.7547765, -0.5135364, 0.1569447, 0.04713887, 
-0.03937482, 2.492814, -1.540055, 0.6710357, 1.038719, -0.1125787, -0.4103855, 1.358154, -0.8146706, 
0.9688425, -0.7930422, -0.8163343, 0.8939748, 0.07708592, -0.691555, -0.2789512, -1.332089, -1.791277, 
-1.030955, -0.3904208, -1.125787, -1.777967, 0.240131, -0.2506679, -0.1874463, -0.1042601, -1.628232),
N = 45,
num = c(5, 5, 2, 7, 5, 4, 4, 5, 5, 2, 
8, 6, 4, 8, 3, 5, 3, 4, 4, 4, 
2, 4, 4, 6, 8, 3, 5, 5, 3, 2, 
3, 1, 1, 6, 3, 6, 4, 5, 1, 7, 
7, 5, 4, 7, 3
),
adj = c(
9, 8, 6, 4, 2, 
14, 9, 8, 5, 1, 
6, 4, 
27, 18, 11, 8, 6, 3, 1, 
14, 10, 9, 7, 2, 
9, 4, 3, 1, 
15, 14, 10, 5, 
14, 11, 4, 2, 1, 
14, 6, 5, 2, 1, 
7, 5, 
25, 18, 17, 16, 14, 13, 8, 4, 
43, 42, 41, 29, 28, 16, 
17, 15, 14, 11, 
15, 13, 11, 9, 8, 7, 5, 2, 
14, 13, 7, 
28, 25, 17, 12, 11, 
16, 13, 11, 
27, 25, 11, 4, 
44, 26, 24, 23, 
26, 25, 24, 22, 
27, 22, 
27, 25, 21, 20, 
44, 28, 24, 19, 
28, 26, 25, 23, 20, 19, 
28, 27, 24, 22, 20, 18, 16, 11, 
24, 20, 19, 
25, 22, 21, 18, 4, 
25, 24, 23, 16, 12, 
44, 41, 12, 
40, 35, 
44, 41, 34, 
42, 
38, 
44, 41, 40, 38, 36, 31, 
45, 40, 30, 
43, 42, 41, 40, 37, 34, 
42, 40, 39, 36, 
45, 44, 40, 34, 33, 
37, 
45, 38, 37, 36, 35, 34, 30, 
44, 43, 36, 34, 31, 29, 12, 
43, 37, 36, 32, 12, 
42, 41, 36, 12, 
41, 38, 34, 31, 29, 23, 19, 
40, 38, 35
),
sumNumNeigh = 198)